1 118 114 107 255 94 91 85 255 59 57 53 255 47 45 42 255
2 47 88 25 255 37 70 20 255 23 44 12 255 18 35 10 255
3 86 60 40 255 68 48 32 255 43 30 20 255 34 24 16 255
3:2 49 41 27 255 39 32 21 255 24 20 13 255 19 16 10 255
4 98 94 87 255 78 75 69 255 49 47 43 255 39 37 34 255
5 105 84 50 255 84 67 40 255 52 42 25 255 42 33 20 255
5:1 79 53 25 255 63 42 20 255 39 26 12 255 31 21 10 255
5:2 183 141 82 255 146 112 65 255 91 70 41 255 73 56 32 255
5:3 106 64 33 255 84 51 26 255 53 32 16 255 42 25 13 255
5:4 131 79 51 255 104 63 40 255 65 39 25 255 52 31 20 255
5:5 46 32 18 255 36 25 14 255 23 16 9 255 18 12 7 255
6 46 68 18 102 36 54 14 102 23 34 9 102 18 27 7 102
6:1 12 43 29 75 9 34 23 75 6 21 14 75 4 17 11 75
6:2 103 116 61 54 82 92 48 54 51 58 30 54 41 46 24 54
6:3 60 71 20 91 48 56 16 91 30 35 10 91 24 28 8 91
6:4 61 68 14 100 48 54 11 100 30 34 7 100 24 27 5 100
6:5 43 62 17 105 34 49 13 105 21 31 8 105 17 24 6 105
6:9 12 43 29 75 9 34 23 75 6 21 14 75 4 17 11 75
6:10 103 116 61 54 82 92 48 54 51 58 30 54 41 46 24 54
6:11 60 71 20 91 48 56 16 91 30 35 10 91 24 28 8 91
6:12 61 68 14 100 48 54 11 100 30 34 7 100 24 27 5 100
6:13 43 62 17 105 34 49 13 105 21 31 8 105 17 24 6 105
7 23 23 24 255 18 18 19 255 11 11 12 255 9 9 9 255
8 107 212 243 179 85 169 194 179 53 106 121 179 42 84 97 179
9 97 204 243 179 77 163 194 179 48 102 121 179 38 81 97 179
9:1 107 212 243 179 85 169 194 179 53 106 121 179 42 84 97 179
9:2 107 212 243 179 85 169 194 179 53 106 121 179 42 84 97 179
9:3 107 212 243 179 85 169 194 179 53 106 121 179 42 84 97 179
9:4 107 212 243 179 85 169 194 179 53 106 121 179 42 84 97 179
9:5 107 212 243 179 85 169 194 179 53 106 121 179 42 84 97 179
9:6 107 212 243 179 85 169 194 179 53 106 121 179 42 84 97 179
9:7 107 212 243 179 85 169 194 179 53 106 121 179 42 84 97 179
10 178 100 3 255 142 80 2 255 89 50 1 255 71 40 1 255
11 164 87 4 255 131 69 3 255 82 43 2 255 65 34 1 255
12 206 184 112 255 164 147 89 255 103 92 56 255 82 73 44 255
12:1 165 100 44 255 132 80 35 255 82 50 22 255 66 40 17 255
13 138 128 123 255 110 102 98 255 69 64 61 255 55 51 49 255
14 132 126 95 255 105 100 76 255 66 63 47 255 52 50 38 255
15 133 127 114 255 106 101 91 255 66 63 57 255 53 50 45 255
16 102 98 92 255 81 78 73 255 51 49 46 255 40 39 36 255
17 161 128 80 255 128 102 64 255 80 64 40 255 64 51 32 255
17:1 94 71 40 255 75 56 32 255 47 35 20 255 37 28 16 255
17:2 163 136 85 255 130 108 68 255 81 68 42 255 65 54 34 255
17:3 145 110 68 255 116 88 54 255 72 55 34 255 58 44 27 255
17:4 91 73 44 255 72 58 35 255 45 36 22 255 36 29 17 255
17:5 42 26 8 255 33 20 6 255 21 13 4 255 16 10 3 255
17:6 207 210 201 255 165 168 160 255 103 105 100 255 82 84 80 255
17:7 85 69 26 255 68 55 20 255 42 34 13 255 34 27 10 255
17:8 91 73 44 255 72 58 35 255 45 36 22 255 36 29 17 255
17:9 42 26 8 255 33 20 6 255 21 13 4 255 16 10 3 255
17:10 207 210 201 255 165 168 160 255 103 105 100 255 82 84 80 255
17:11 85 69 26 255 68 55 20 255 42 34 13 255 34 27 10 255
17:12 91 73 44 255 72 58 35 255 45 36 22 255 36 29 17 255
17:13 42 26 8 255 33 20 6 255 21 13 4 255 16 10 3 255
17:14 207 210 201 255 165 168 160 255 103 105 100 255 82 84 80 255
17:15 85 69 26 255 68 55 20 255 42 34 13 255 34 27 10 255
18 30 63 19 248 24 50 15 248 15 31 9 248 12 25 7 248
18:1 37 64 31 231 29 51 24 231 18 32 15 231 14 25 12 231
18:2 61 79 40 239 48 63 32 239 30 39 20 239 24 31 16 239
18:3 27 55 15 250 21 44 12 250 13 27 7 250 10 22 6 250
18:5 37 64 31 231 29 51 24 231 18 32 15 231 14 25 12 231
18:6 61 79 40 239 48 63 32 239 30 39 20 239 24 31 16 239
18:7 27 55 15 250 21 44 12 250 13 27 7 250 10 22 6 250
18:9 37 64 31 231 29 51 24 231 18 32 15 231 14 25 12 231
18:10 61 79 40 239 48 63 32 239 30 39 20 239 24 31 16 239
18:11 27 55 15 250 21 44 12 250 13 27 7 250 10 22 6 250
18:13 37 64 31 231 29 51 24 231 18 32 15 231 14 25 12 231
18:14 61 79 40 239 48 63 32 239 30 39 20 239 24 31 16 239
18:15 27 55 15 250 21 44 12 250 13 27 7 250 10 22 6 250
19 209 209 80 255 167 167 64 255 104 104 40 255 83 83 32 255
20 92 80 63 65 73 64 50 65 46 40 31 65 36 32 25 65
21 103 102 113 255 82 81 90 255 51 51 56 255 41 40 45 255
22 34 53 136 255 27 42 108 255 17 26 68 255 13 21 54 255
23 93 84 72 255 74 67 57 255 46 42 36 255 37 33 28 255
23:1 95 89 78 255 76 71 62 255 47 44 39 255 38 35 31 255
23:9 95 89 78 255 76 71 62 255 47 44 39 255 38 35 31 255
24 236 228 167 255 188 182 133 255 118 114 83 255 94 91 66 255
25 77 49 27 255 61 39 21 255 38 24 13 255 30 19 10 255
26 83 95 116 255 66 76 92 255 41 47 58 255 33 38 46 255
26:8 180 184 185 255 144 147 148 255 90 92 92 255 72 73 74 255
26:9 180 184 185 255 144 147 148 255 90 92 92 255 72 73 74 255
26:10 180 184 185 255 144 147 148 255 90 92 92 255 72 73 74 255
26:11 180 184 185 255 144 147 148 255 90 92 92 255 72 73 74 255
27 99 86 55 205 79 68 44 205 49 43 27 205 39 34 22 205
27:8 106 87 55 197 84 69 44 197 53 43 27 197 42 34 22 197
27:9 106 87 55 197 84 69 44 197 53 43 27 197 42 34 22 197
27:10 106 87 55 197 84 69 44 197 53 43 27 197 42 34 22 197
27:11 106 87 55 197 84 69 44 197 53 43 27 197 42 34 22 197
27:12 106 87 55 197 84 69 44 197 53 43 27 197 42 34 22 197
27:13 106 87 55 197 84 69 44 197 53 43 27 197 42 34 22 197
28 84 82 81 211 67 65 64 211 42 41 40 211 33 32 32 211
29 99 95 85 255 79 76 68 255 49 47 42 255 39 38 34 255
29:1 79 71 34 255 63 56 27 255 39 35 17 255 31 28 13 255
29:2 95 87 70 255 76 69 56 255 47 43 35 255 38 34 28 255
29:3 95 87 70 255 76 69 56 255 47 43 35 255 38 34 28 255
29:4 95 87 70 255 76 69 56 255 47 43 35 255 38 34 28 255
29:5 95 87 70 255 76 69 56 255 47 43 35 255 38 34 28 255
29:9 91 82 65 255 72 65 52 255 45 41 32 255 36 32 26 255
29:10 97 92 77 207 77 73 61 207 48 46 38 207 38 36 30 207
29:11 97 92 77 207 77 73 61 207 48 46 38 207 38 36 30 207
29:12 97 92 77 207 77 73 61 207 48 46 38 207 38 36 30 207
29:13 97 92 77 207 77 73 61 207 48 46 38 207 38 36 30 207
30 255 255 255 114 204 204 204 114 127 127 127 114 102 102 102 114
31 105 66 26 47 84 52 20 47 52 33 13 47 42 26 10 47
31:1 32 60 17 117 25 48 13 117 16 30 8 117 12 24 6 117
31:2 28 53 15 95 22 42 12 95 14 26 7 95 11 21 6 95
32 105 66 26 47 84 52 20 47 52 33 13 47 42 26 10 47
33 99 95 85 255 79 76 68 255 49 47 42 255 39 38 34 255
33:1 77 57 30 255 61 45 24 255 38 28 15 255 30 22 12 255
33:2 95 87 70 255 76 69 56 255 47 43 35 255 38 34 28 255
33:3 95 87 70 255 76 69 56 255 47 43 35 255 38 34 28 255
33:4 95 87 70 255 76 69 56 255 47 43 35 255 38 34 28 255
33:5 95 87 70 255 76 69 56 255 47 43 35 255 38 34 28 255
33:9 91 82 65 255 72 65 52 255 45 41 32 255 36 32 26 255
33:10 97 92 77 207 77 73 61 207 48 46 38 207 38 36 30 207
33:11 97 92 77 207 77 73 61 207 48 46 38 207 38 36 30 207
33:12 97 92 77 207 77 73 61 207 48 46 38 207 38 36 30 207
33:13 97 92 77 207 77 73 61 207 48 46 38 207 38 36 30 207
34 94 83 68 255 75 66 54 255 47 41 34 255 37 33 27 255
34:1 79 58 32 255 63 46 25 255 39 29 16 255 31 23 12 255
34:2 93 72 43 111 74 57 34 111 46 36 21 111 37 28 17 111
34:3 93 72 43 111 74 57 34 111 46 36 21 111 37 28 17 111
34:4 93 72 43 111 74 57 34 111 46 36 21 111 37 28 17 111
34:5 93 72 43 111 74 57 34 111 46 36 21 111 37 28 17 111
34:9 81 72 36 255 64 57 28 255 40 36 18 255 32 28 14 255
34:10 93 72 43 111 74 57 34 111 46 36 21 111 37 28 17 111
34:11 93 72 43 111 74 57 34 111 46 36 21 111 37 28 17 111
34:12 93 72 43 111 74 57 34 111 46 36 21 111 37 28 17 111
34:13 93 72 43 111 74 57 34 111 46 36 21 111 37 28 17 111
35 236 236 236 255 188 188 188 255 118 118 118 255 94 94 94 255
35:1 232 120 43 255 185 96 34 255 116 60 21 255 92 48 17 255
35:2 185 57 196 255 148 45 156 255 92 28 98 255 74 22 78 255
35:3 82 121 205 255 65 96 164 255 41 60 102 255 32 48 82 255
35:4 209 194 29 255 167 155 23 255 104 97 14 255 83 77 11 255
35:5 53 177 42 255 42 141 33 255 26 88 21 255 21 70 16 255
35:6 215 127 151 255 172 101 120 255 107 63 75 255 86 50 60 255
35:7 64 64 64 255 51 51 51 255 32 32 32 255 25 25 25 255
35:8 136 146 146 255 108 116 116 255 68 73 73 255 54 58 58 255
35:9 41 124 159 255 32 99 127 255 20 62 79 255 16 49 63 255
35:10 124 47 192 255 99 37 153 255 62 23 96 255 49 18 76 255
35:11 36 48 147 255 28 38 117 255 18 24 73 255 14 19 58 255
35:12 80 47 25 255 64 37 20 255 40 23 12 255 32 18 10 255
35:13 52 72 22 255 41 57 17 255 26 36 11 255 20 28 8 255
35:14 154 41 37 255 123 32 29 255 77 20 18 255 61 16 14 255
35:15 11 11 11 255 8 8 8 255 5 5 5 255 4 4 4 255
37 134 137 31 73 107 109 24 73 67 68 15 73 53 54 12 73
38 101 25 16 64 80 20 12 64 50 12 8 64 40 10 6 64
38:1 27 109 150 95 21 87 120 95 13 54 75 95 10 43 60 95
38:2 141 103 173 77 112 82 138 77 70 51 86 77 56 41 69 77
38:3 149 150 169 89 119 120 135 89 74 75 84 89 59 60 67 89
38:4 75 47 13 87 60 37 10 87 37 23 6 87 30 18 5 87
38:5 84 64 19 87 67 51 15 87 42 32 9 87 33 25 7 87
38:6 90 108 80 85 72 86 64 85 45 54 40 85 36 43 32 85
38:7 93 95 83 86 74 76 66 86 46 47 41 86 37 38 33 86
38:8 153 159 142 76 122 127 113 76 76 79 71 76 61 63 56 76
39 146 107 82 44 116 85 65 44 73 53 41 44 58 42 32 44
40 165 90 71 30 132 72 56 30 82 45 35 30 66 36 28 30
41 206 179 35 255 164 143 28 255 103 89 17 255 82 71 14 255
42 135 138 128 255 108 110 102 255 67 69 64 255 54 55 51 255
43 153 149 142 255 122 119 113 255 76 74 71 255 61 59 56 255
43:1 236 228 167 255 188 182 133 255 118 114 83 255 94 91 66 255
43:2 105 84 50 255 84 67 40 255 52 42 25 255 42 33 20 255
43:3 98 94 87 255 78 75 69 255 49 47 43 255 39 37 34 255
43:4 121 61 45 255 96 48 36 255 60 30 22 255 48 24 18 255
43:5 118 118 114 255 94 94 91 255 59 59 57 255 47 47 45 255
43:6 44 21 25 255 35 16 20 255 22 10 12 255 17 8 10 255
43:7 235 232 226 255 188 185 180 255 117 116 113 255 94 92 90 255
43:8 157 151 148 255 125 120 118 255 78 75 74 255 62 60 59 255
43:9 242 230 174 255 193 184 139 255 121 115 87 255 96 92 69 255
43:10 105 84 50 255 84 67 40 255 52 42 25 255 42 33 20 255
43:11 101 95 91 255 80 76 72 255 50 47 45 255 40 38 36 255
43:12 121 61 45 255 96 48 36 255 60 30 22 255 48 24 18 255
43:13 121 119 119 255 96 95 95 255 60 59 59 255 48 47 47 255
43:14 44 21 25 255 35 16 20 255 22 10 12 255 17 8 10 255
43:15 235 232 226 255 188 185 180 255 117 116 113 255 94 92 90 255
44 153 149 142 255 122 119 113 255 76 74 71 255 61 59 56 255
44:1 236 228 167 255 188 182 133 255 118 114 83 255 94 91 66 255
44:2 105 84 50 255 84 67 40 255 52 42 25 255 42 33 20 255
44:3 98 94 87 255 78 75 69 255 49 47 43 255 39 37 34 255
44:4 121 61 45 255 96 48 36 255 60 30 22 255 48 24 18 255
44:5 118 118 114 255 94 94 91 255 59 59 57 255 47 47 45 255
44:6 44 21 25 255 35 16 20 255 22 10 12 255 17 8 10 255
44:7 235 232 226 255 188 185 180 255 117 116 113 255 94 92 90 255
44:8 157 151 148 255 125 120 118 255 78 75 74 255 62 60 59 255
44:9 242 230 174 255 193 184 139 255 121 115 87 255 96 92 69 255
44:10 105 84 50 255 84 67 40 255 52 42 25 255 42 33 20 255
44:11 101 95 91 255 80 76 72 255 50 47 45 255 40 38 36 255
44:12 121 61 45 255 96 48 36 255 60 30 22 255 48 24 18 255
44:13 121 119 119 255 96 95 95 255 60 59 59 255 48 47 47 255
44:14 44 21 25 255 35 16 20 255 22 10 12 255 17 8 10 255
44:15 235 232 226 255 188 185 180 255 117 116 113 255 94 92 90 255
45 121 61 45 255 96 48 36 255 60 30 22 255 48 24 18 255
46 132 73 50 255 105 58 40 255 66 36 25 255 52 29 20 255
47 105 84 50 255 84 67 40 255 52 42 25 255 42 33 20 255
48 88 90 75 255 70 72 60 255 44 45 37 255 35 36 30 255
49 35 30 48 255 28 24 38 255 17 15 24 255 14 12 19 255
50 112 94 52 25 89 75 41 25 56 47 26 25 44 37 20 25
51 219 150 33 76 175 120 26 76 109 75 16 76 87 60 13 76
52 107 105 79 198 85 84 63 198 53 52 39 198 42 42 31 198
53 105 84 50 255 84 67 40 255 52 42 25 255 42 33 20 255
54 88 49 29 197 70 39 23 197 44 24 14 197 35 19 11 197
54:4 92 43 24 210 73 34 19 210 46 21 12 210 36 17 9 210
54:5 92 43 24 210 73 34 19 210 46 21 12 210 36 17 9 210
54:6 92 43 24 210 73 34 19 210 46 21 12 210 36 17 9 210
54:7 92 43 24 210 73 34 19 210 46 21 12 210 36 17 9 210
54:8 92 43 24 210 73 34 19 210 46 21 12 210 36 17 9 210
54:9 92 43 24 210 73 34 19 210 46 21 12 210 36 17 9 210
54:10 92 43 24 210 73 34 19 210 46 21 12 210 36 17 9 210
54:11 92 43 24 210 73 34 19 210 46 21 12 210 36 17 9 210
55 163 163 163 10 130 130 130 10 81 81 81 10 65 65 65 10
56 127 133 126 255 101 106 100 255 63 66 63 255 50 53 50 255
57 119 144 130 255 95 115 104 255 59 72 65 255 47 57 52 255
58 204 195 171 255 163 156 136 255 102 97 85 255 81 78 68 255
59 68 121 0 6 54 96 0 6 34 60 0 6 27 48 0 6
59:1 80 123 26 14 64 98 20 14 40 61 13 14 32 49 10 14
59:2 83 117 41 79 66 93 32 79 41 58 20 79 33 46 16 79
59:3 82 130 41 118 65 104 32 118 41 65 20 118 32 52 16 118
59:4 118 148 48 133 94 118 38 133 59 74 24 133 47 59 19 133
59:5 149 154 54 146 119 123 43 146 74 77 27 146 59 61 21 146
59:6 172 156 59 164 137 124 47 164 86 78 29 164 68 62 23 164
59:7 188 153 57 171 150 122 45 171 94 76 28 171 75 61 22 171
59:8 188 153 57 171 150 122 45 171 94 76 28 171 75 61 22 171
59:9 188 153 57 171 150 122 45 171 94 76 28 171 75 61 22 171
59:10 188 153 57 171 150 122 45 171 94 76 28 171 75 61 22 171
59:11 188 153 57 171 150 122 45 171 94 76 28 171 75 61 22 171
59:12 188 153 57 171 150 122 45 171 94 76 28 171 75 61 22 171
59:13 188 153 57 171 150 122 45 171 94 76 28 171 75 61 22 171
59:14 188 153 57 171 150 122 45 171 94 76 28 171 75 61 22 171
59:15 188 153 57 171 150 122 45 171 94 76 28 171 75 61 22 171
60 94 60 34 255 75 48 27 255 47 30 17 255 37 24 13 255
60:1 61 32 9 255 48 25 7 255 30 16 4 255 24 12 3 255
60:2 61 32 9 255 48 25 7 255 30 16 4 255 24 12 3 255
60:3 61 32 9 255 48 25 7 255 30 16 4 255 24 12 3 255
60:4 61 32 9 255 48 25 7 255 30 16 4 255 24 12 3 255
60:5 61 32 9 255 48 25 7 255 30 16 4 255 24 12 3 255
60:6 61 32 9 255 48 25 7 255 30 16 4 255 24 12 3 255
60:7 61 32 9 255 48 25 7 255 30 16 4 255 24 12 3 255
60:8 61 32 9 255 48 25 7 255 30 16 4 255 24 12 3 255
60:9 61 32 9 255 48 25 7 255 30 16 4 255 24 12 3 255
60:10 61 32 9 255 48 25 7 255 30 16 4 255 24 12 3 255
60:11 61 32 9 255 48 25 7 255 30 16 4 255 24 12 3 255
60:12 61 32 9 255 48 25 7 255 30 16 4 255 24 12 3 255
60:13 61 32 9 255 48 25 7 255 30 16 4 255 24 12 3 255
60:14 61 32 9 255 48 25 7 255 30 16 4 255 24 12 3 255
60:15 61 32 9 255 48 25 7 255 30 16 4 255 24 12 3 255
61:2 93 84 72 255 74 67 57 255 46 42 36 255 37 33 28 255
61:3 93 84 72 255 74 67 57 255 46 42 36 255 37 33 28 255
61:4 93 84 72 255 74 67 57 255 46 42 36 255 37 33 28 255
61:5 93 84 72 255 74 67 57 255 46 42 36 255 37 33 28 255
62:2 93 84 72 255 74 67 57 255 46 42 36 255 37 33 28 255
62:3 93 84 72 255 74 67 57 255 46 42 36 255 37 33 28 255
62:4 93 84 72 255 74 67 57 255 46 42 36 255 37 33 28 255
62:5 93 84 72 255 74 67 57 255 46 42 36 255 37 33 28 255
63 120 92 52 10 96 73 41 10 60 46 26 10 48 36 20 10
64 95 76 47 255 76 60 37 255 47 38 23 255 38 30 18 255
64:8 93 74 46 191 74 59 36 191 46 37 23 191 37 29 18 191
64:9 93 74 46 191 74 59 36 191 46 37 23 191 37 29 18 191
64:10 93 74 46 191 74 59 36 191 46 37 23 191 37 29 18 191
64:11 93 74 46 191 74 59 36 191 46 37 23 191 37 29 18 191
64:12 93 74 46 191 74 59 36 191 46 37 23 191 37 29 18 191
64:13 93 74 46 191 74 59 36 191 46 37 23 191 37 29 18 191
64:14 93 74 46 191 74 59 36 191 46 37 23 191 37 29 18 191
64:15 93 74 46 191 74 59 36 191 46 37 23 191 37 29 18 191
65 81 67 45 149 64 53 36 149 40 33 22 149 32 26 18 149
66 70 67 63 193 56 53 50 193 35 33 31 193 28 26 25 193
66:6 71 68 64 153 56 54 51 153 35 34 32 153 28 27 25 153
66:7 71 68 64 153 56 54 51 153 35 34 32 153 28 27 25 153
66:8 71 68 64 153 56 54 51 153 35 34 32 153 28 27 25 153
66:9 71 68 64 153 56 54 51 153 35 34 32 153 28 27 25 153
67 98 94 87 255 78 75 69 255 49 47 43 255 39 37 34 255
68 120 92 52 10 96 73 41 10 60 46 26 10 48 36 20 10
69 101 95 91 255 80 76 72 255 50 47 45 255 40 38 36 255
70 118 114 107 255 94 91 85 255 59 57 53 255 47 45 42 255
71 93 88 66 234 74 70 52 234 46 44 33 234 37 35 26 234
71:8 86 83 63 185 68 66 50 185 43 41 31 185 34 33 25 185
71:9 86 83 63 185 68 66 50 185 43 41 31 185 34 33 25 185
71:10 86 83 63 185 68 66 50 185 43 41 31 185 34 33 25 185
71:11 86 83 63 185 68 66 50 185 43 41 31 185 34 33 25 185
71:12 86 83 63 185 68 66 50 185 43 41 31 185 34 33 25 185
71:13 86 83 63 185 68 66 50 185 43 41 31 185 34 33 25 185
71:14 86 83 63 185 68 66 50 185 43 41 31 185 34 33 25 185
71:15 86 83 63 185 68 66 50 185 43 41 31 185 34 33 25 185
72 105 84 50 255 84 67 40 255 52 42 25 255 42 33 20 255
73 128 103 97 255 102 82 77 255 64 51 48 255 51 41 38 255
74 128 103 97 255 102 82 77 255 64 51 48 255 51 41 38 255
75:1 75 55 38 35 60 44 30 35 37 27 19 35 30 22 15 35
75:2 75 55 38 35 60 44 30 35 37 27 19 35 30 22 15 35
75:3 75 55 38 35 60 44 30 35 37 27 19 35 30 22 15 35
75:4 75 55 38 35 60 44 30 35 37 27 19 35 30 22 15 35
75:5 75 55 38 35 60 44 30 35 37 27 19 35 30 22 15 35
76:1 118 53 36 35 94 42 28 35 59 26 18 35 47 21 14 35
76:2 118 53 36 35 94 42 28 35 59 26 18 35 47 21 14 35
76:3 118 53 36 35 94 42 28 35 59 26 18 35 47 21 14 35
76:4 118 53 36 35 94 42 28 35 59 26 18 35 47 21 14 35
76:5 118 53 36 35 94 42 28 35 59 26 18 35 47 21 14 35
77 121 115 112 255 96 92 89 255 60 57 56 255 48 46 44 255
78 231 250 255 255 184 200 204 255 115 125 127 255 92 100 102 255
79 209 239 254 255 167 191 203 255 104 119 127 255 83 95 101 255
80 231 250 255 255 184 200 204 255 115 125 127 255 92 100 102 255
81 87 127 64 195 69 101 51 195 43 63 32 195 34 50 25 195
82 124 129 139 255 99 103 111 255 62 64 69 255 49 51 55 255
83 131 133 33 107 104 106 26 107 65 66 16 107 52 53 13 107
84 49 33 21 255 39 26 16 255 24 16 10 255 19 13 8 255
85 105 84 50 255 84 67 40 255 52 42 25 255 42 33 20 255
86 213 97 25 255 170 77 20 255 106 48 12 255 85 38 10 255
87 88 19 19 255 70 15 15 255 44 9 9 255 35 7 7 255
88 50 37 30 255 40 29 24 255 25 18 15 255 20 14 12 255
89 162 101 0 255 129 80 0 255 81 50 0 255 64 40 0 255
90 167 112 206 255 133 89 164 255 83 56 103 255 66 44 82 255
91 213 97 25 255 170 77 20 255 106 48 12 255 85 38 10 255
92 202 190 203 255 161 152 162 255 101 95 101 255 80 76 81 255
93 140 130 122 255 112 104 97 255 70 65 61 255 56 52 48 255
94 153 131 124 255 122 104 99 255 76 65 62 255 61 52 49 255
95 209 204 198 255 167 163 158 255 104 102 99 255 83 81 79 255
95:1 192 158 127 255 153 126 101 255 96 79 63 255 76 63 50 255
95:2 192 165 193 255 153 132 154 255 96 82 96 255 76 66 77 255
95:3 175 182 190 255 140 145 152 255 87 91 95 255 70 72 76 255
95:4 203 197 141 255 162 157 112 255 101 98 70 255 81 78 56 255
95:5 180 195 149 255 144 156 119 255 90 97 74 255 72 78 59 255
95:6 209 177 181 255 167 141 144 255 104 88 90 255 83 70 72 255
95:7 145 141 135 255 116 112 108 255 72 70 67 255 58 56 54 255
95:8 171 167 163 255 136 133 130 255 85 83 81 255 68 66 65 255
95:9 169 176 177 255 135 140 141 255 84 88 88 255 67 70 70 255
95:10 180 162 184 255 144 129 147 255 90 81 92 255 72 64 73 255
95:11 163 165 184 255 130 132 147 255 81 82 92 255 65 66 73 255
95:12 154 142 127 255 123 113 101 255 77 71 63 255 61 56 50 255
95:13 164 168 141 255 131 134 112 255 82 84 70 255 65 67 56 255
95:14 186 160 155 255 148 128 124 255 93 80 77 255 74 64 62 255
95:15 118 115 109 255 94 92 87 255 59 57 54 255 47 46 43 255
96 94 79 51 255 75 63 40 255 47 39 25 255 37 31 20 255
97 118 114 107 255 94 91 85 255 59 57 53 255 47 45 42 255
97:1 98 94 87 255 78 75 69 255 49 47 43 255 39 37 34 255
97:2 118 118 114 255 94 94 91 255 59 59 57 255 47 47 45 255
98 118 118 114 255 94 94 91 255 59 59 57 255 47 47 45 255
98:1 110 114 104 255 88 91 83 255 55 57 52 255 44 45 41 255
98:2 110 110 106 255 88 88 84 255 55 55 53 255 44 44 42 255
98:3 112 109 102 255 89 87 81 255 56 54 51 255 44 43 40 255
99 202 164 106 255 161 131 84 255 101 82 53 255 80 65 42 255
99:1 143 108 84 255 114 86 67 255 71 54 42 255 57 43 33 255
99:2 143 108 84 255 114 86 67 255 71 54 42 255 57 43 33 255
99:3 143 108 84 255 114 86 67 255 71 54 42 255 57 43 33 255
99:4 143 108 84 255 114 86 67 255 71 54 42 255 57 43 33 255
99:5 143 108 84 255 114 86 67 255 71 54 42 255 57 43 33 255
99:6 143 108 84 255 114 86 67 255 71 54 42 255 57 43 33 255
99:7 143 108 84 255 114 86 67 255 71 54 42 255 57 43 33 255
99:8 143 108 84 255 114 86 67 255 71 54 42 255 57 43 33 255
99:9 143 108 84 255 114 86 67 255 71 54 42 255 57 43 33 255
99:14 143 108 84 255 114 86 67 255 71 54 42 255 57 43 33 255
99:15 204 198 185 255 163 158 148 255 102 99 92 255 81 79 74 255
100 202 164 106 255 161 131 84 255 101 82 53 255 80 65 42 255
100:1 186 53 46 255 148 42 36 255 93 26 23 255 74 21 18 255
100:2 186 53 46 255 148 42 36 255 93 26 23 255 74 21 18 255
100:3 186 53 46 255 148 42 36 255 93 26 23 255 74 21 18 255
100:4 186 53 46 255 148 42 36 255 93 26 23 255 74 21 18 255
100:5 186 53 46 255 148 42 36 255 93 26 23 255 74 21 18 255
100:6 186 53 46 255 148 42 36 255 93 26 23 255 74 21 18 255
100:7 186 53 46 255 148 42 36 255 93 26 23 255 74 21 18 255
100:8 186 53 46 255 148 42 36 255 93 26 23 255 74 21 18 255
100:9 186 53 46 255 148 42 36 255 93 26 23 255 74 21 18 255
100:14 186 53 46 255 148 42 36 255 93 26 23 255 74 21 18 255
100:15 204 198 185 255 163 158 148 255 102 99 92 255 81 79 74 255
101 105 102 77 115 84 81 61 115 52 51 38 115 42 40 30 115
102 92 80 63 65 73 64 50 65 46 40 31 65 36 32 25 65
103 1 101 31 255 0 80 24 255 0 50 15 255 0 40 12 255
104 43 82 23 40 34 65 18 40 21 41 11 40 17 32 9 40
105 43 82 23 40 34 65 18 40 21 41 11 40 17 32 9 40
106 31 64 18 119 24 51 14 119 15 32 9 119 12 25 7 119
107 105 84 50 255 84 67 40 255 52 42 25 255 42 33 20 255
108 121 61 45 255 96 48 36 255 60 30 22 255 48 24 18 255
109 118 118 114 255 94 94 91 255 59 59 57 255 47 47 45 255
110 141 114 129 255 112 91 103 255 70 57 64 255 56 45 51 255
111 14 59 22 177 11 47 17 177 7 29 11 177 5 23 8 177
112 44 21 25 255 35 16 20 255 22 10 12 255 17 8 10 255
113 44 21 25 255 35 16 20 255 22 10 12 255 17 8 10 255
114 44 21 25 255 35 16 20 255 22 10 12 255 17 8 10 255
115 81 14 22 45 64 11 17 45 40 7 11 45 32 5 8 45
115:1 77 17 22 110 61 13 17 110 38 8 11 110 30 6 8 110
115:2 77 17 22 110 61 13 17 110 38 8 11 110 30 6 8 110
115:3 87 16 24 183 69 12 19 183 43 8 12 183 34 6 9 183
115:4 87 16 24 183 69 12 19 183 43 8 12 183 34 6 9 183
115:5 87 16 24 183 69 12 19 183 43 8 12 183 34 6 9 183
115:6 87 16 24 183 69 12 19 183 43 8 12 183 34 6 9 183
115:7 87 16 24 183 69 12 19 183 43 8 12 183 34 6 9 183
116 146 78 64 255 116 62 51 255 73 39 32 255 58 31 25 255
117 130 92 57 106 104 73 45 106 65 46 28 106 52 36 22 106
118 37 37 37 111 29 29 29 111 18 18 18 111 14 14 14 111
119 35 30 48 255 28 24 38 255 17 15 24 255 14 12 19 255
120 86 113 94 255 68 90 75 255 43 56 47 255 34 45 37 255
120:4 69 119 86 95 55 95 68 95 34 59 43 95 27 47 34 95
120:5 69 119 86 95 55 95 68 95 34 59 43 95 27 47 34 95
120:6 69 119 86 95 55 95 68 95 34 59 43 95 27 47 34 95
120:7 69 119 86 95 55 95 68 95 34 59 43 95 27 47 34 95
121 217 218 162 255 173 174 129 255 108 109 81 255 86 87 64 255
122 19 9 23 255 15 7 18 255 9 4 11 255 7 3 9 255
123 54 48 39 255 43 38 31 255 27 24 19 255 21 19 15 255
124 184 171 91 255 147 136 72 255 92 85 45 255 73 68 36 255
125 105 84 50 255 84 67 40 255 52 42 25 255 42 33 20 255
125:1 79 53 25 255 63 42 20 255 39 26 12 255 31 21 10 255
125:2 183 141 82 255 146 112 65 255 91 70 41 255 73 56 32 255
125:3 106 64 33 255 84 51 26 255 53 32 16 255 42 25 13 255
125:4 131 79 51 255 104 63 40 255 65 39 25 255 52 31 20 255
125:5 46 32 18 255 36 25 14 255 23 16 9 255 18 12 7 255
125:9 79 53 25 255 63 42 20 255 39 26 12 255 31 21 10 255
125:10 183 141 82 255 146 112 65 255 91 70 41 255 73 56 32 255
125:11 106 64 33 255 84 51 26 255 53 32 16 255 42 25 13 255
125:12 131 79 51 255 104 63 40 255 65 39 25 255 52 31 20 255
125:13 46 32 18 255 36 25 14 255 23 16 9 255 18 12 7 255
126 105 84 50 255 84 67 40 255 52 42 25 255 42 33 20 255
126:1 79 53 25 255 63 42 20 255 39 26 12 255 31 21 10 255
126:2 183 141 82 255 146 112 65 255 91 70 41 255 73 56 32 255
126:3 106 64 33 255 84 51 26 255 53 32 16 255 42 25 13 255
126:4 131 79 51 255 104 63 40 255 65 39 25 255 52 31 20 255
126:5 46 32 18 255 36 25 14 255 23 16 9 255 18 12 7 255
126:9 79 53 25 255 63 42 20 255 39 26 12 255 31 21 10 255
126:10 183 141 82 255 146 112 65 255 91 70 41 255 73 56 32 255
126:11 106 64 33 255 84 51 26 255 53 32 16 255 42 25 13 255
126:12 131 79 51 255 104 63 40 255 65 39 25 255 52 31 20 255
126:13 46 32 18 255 36 25 14 255 23 16 9 255 18 12 7 255
127 103 47 13 130 82 37 10 130 51 23 6 130 41 18 5 130
128 233 224 161 255 186 179 128 255 116 112 80 255 93 89 64 255
129 106 134 109 255 84 107 87 255 53 67 54 255 42 53 43 255
130:2 40 45 44 197 32 36 35 197 20 22 22 197 16 18 17 197
130:3 40 45 44 197 32 36 35 197 20 22 22 197 16 18 17 197
130:4 40 45 44 197 32 36 35 197 20 22 22 197 16 18 17 197
130:5 40 45 44 197 32 36 35 197 20 22 22 197 16 18 17 197
131 101 95 91 255 80 76 72 255 50 47 45 255 40 38 36 255
133 93 144 104 255 74 115 83 255 46 72 52 255 37 57 41 255
134 79 53 25 255 63 42 20 255 39 26 12 255 31 21 10 255
135 183 141 82 255 146 112 65 255 91 70 41 255 73 56 32 255
136 106 64 33 255 84 51 26 255 53 32 16 255 42 25 13 255
137 70 68 52 255 56 54 41 255 35 34 26 255 28 27 20 255
138 92 80 63 65 73 64 50 65 46 40 31 65 36 32 25 65
139 98 94 87 255 78 75 69 255 49 47 43 255 39 37 34 255
139:1 88 90 75 255 70 72 60 255 44 45 37 255 35 36 30 255
140 125 70 49 49 100 56 39 49 62 35 24 49 50 28 19 49
141 27 126 10 36 21 100 8 36 13 63 5 36 10 50 4 36
141:2 18 112 11 70 14 89 8 70 9 56 5 70 7 44 4 70
141:3 18 112 11 70 14 89 8 70 9 56 5 70 7 44 4 70
141:4 28 110 14 101 22 88 11 101 14 55 7 101 11 44 5 101
141:5 28 110 14 101 22 88 11 101 14 55 7 101 11 44 5 101
141:6 28 110 14 101 22 88 11 101 14 55 7 101 11 44 5 101
141:7 76 104 12 133 60 83 9 133 38 52 6 133 30 41 4 133
142 56 101 38 36 44 80 30 36 28 50 19 36 22 40 15 36
142:2 55 101 38 70 44 80 30 70 27 50 19 70 22 40 15 70
142:3 55 101 38 70 44 80 30 70 27 50 19 70 22 40 15 70
142:4 65 106 37 101 52 84 29 101 32 53 18 101 26 42 14 101
142:5 65 106 37 101 52 84 29 101 32 53 18 101 26 42 14 101
142:6 65 106 37 101 52 84 29 101 32 53 18 101 26 42 14 101
142:7 106 114 41 102 84 91 32 102 53 57 20 102 42 45 16 102
143 105 84 50 255 84 67 40 255 52 42 25 255 42 33 20 255
145 65 65 65 255 52 52 52 255 32 32 32 255 26 26 26 255
146 88 49 29 197 70 39 23 197 44 24 14 197 35 19 11 197
146:4 92 43 24 210 73 34 19 210 46 21 12 210 36 17 9 210
146:5 92 43 24 210 73 34 19 210 46 21 12 210 36 17 9 210
146:6 92 43 24 210 73 34 19 210 46 21 12 210 36 17 9 210
146:7 92 43 24 210 73 34 19 210 46 21 12 210 36 17 9 210
146:8 92 43 24 210 73 34 19 210 46 21 12 210 36 17 9 210
146:9 92 43 24 210 73 34 19 210 46 21 12 210 36 17 9 210
146:10 92 43 24 210 73 34 19 210 46 21 12 210 36 17 9 210
146:11 92 43 24 210 73 34 19 210 46 21 12 210 36 17 9 210
147 206 179 35 255 164 143 28 255 103 89 17 255 82 71 14 255
148 135 138 128 255 108 110 102 255 67 69 64 255 54 55 51 255
149 139 126 123 255 111 100 98 255 69 63 61 255 55 50 49 255
150 150 129 125 255 120 103 100 255 75 64 62 255 60 51 50 255
151 127 120 107 255 101 96 85 255 63 60 53 255 50 48 42 255
152 166 15 15 255 132 12 12 255 83 7 7 255 66 6 6 255
153 101 36 35 255 80 28 28 255 50 18 17 255 40 14 14 255
154 32 32 32 255 25 25 25 255 16 16 16 255 12 12 12 255
155 235 232 226 255 188 185 180 255 117 116 113 255 94 92 90 255
155:1 233 231 223 255 186 184 178 255 116 115 111 255 93 92 89 255
155:2 233 230 223 255 186 184 178 255 116 115 111 255 93 92 89 255
155:3 225 223 216 255 180 178 172 255 112 111 108 255 90 89 86 255
155:4 225 223 216 255 180 178 172 255 112 111 108 255 90 89 86 255
156 237 234 228 255 189 187 182 255 118 117 114 255 94 93 91 255
157 71 68 66 206 56 54 52 206 35 34 33 206 28 27 26 206
157:8 76 69 66 206 60 55 52 206 38 34 33 206 30 27 26 206
157:9 76 69 66 206 60 55 52 206 38 34 33 206 30 27 26 206
157:10 76 69 66 206 60 55 52 206 38 34 33 206 30 27 26 206
157:11 76 69 66 206 60 55 52 206 38 34 33 206 30 27 26 206
157:12 76 69 66 206 60 55 52 206 38 34 33 206 30 27 26 206
157:13 76 69 66 206 60 55 52 206 38 34 33 206 30 27 26 206
158 93 84 72 255 74 67 57 255 46 42 36 255 37 33 28 255
158:1 95 89 79 255 76 71 63 255 47 44 39 255 38 35 31 255
159 210 178 161 255 168 142 128 255 105 89 80 255 84 71 64 255
159:1 162 84 38 255 129 67 30 255 81 42 19 255 64 33 15 255
159:2 151 88 109 255 120 70 87 255 75 44 54 255 60 35 43 255
159:3 114 109 139 255 91 87 111 255 57 54 69 255 45 43 55 255
159:4 186 134 35 255 148 107 28 255 93 67 17 255 74 53 14 255
159:5 105 119 53 255 84 95 42 255 52 59 26 255 42 47 21 255
159:6 162 78 79 255 129 62 63 255 81 39 39 255 64 31 31 255
159:7 58 42 36 255 46 33 28 255 29 21 18 255 23 16 14 255
159:8 136 107 98 255 108 85 78 255 68 53 49 255 54 42 39 255
159:9 87 91 91 255 69 72 72 255 43 45 45 255 34 36 36 255
159:10 119 70 86 255 95 56 68 255 59 35 43 255 47 28 34 255
159:11 74 60 91 255 59 48 72 255 37 30 45 255 29 24 36 255
159:12 77 51 36 255 61 40 28 255 38 25 18 255 30 20 14 255
159:13 76 83 42 255 60 66 33 255 38 41 21 255 30 33 16 255
159:14 144 61 47 255 115 48 37 255 72 30 23 255 57 24 18 255
159:15 26 19 15 255 20 15 12 255 13 9 7 255 10 7 6 255
160 209 204 198 255 167 163 158 255 104 102 99 255 83 81 79 255
160:1 192 158 127 255 153 126 101 255 96 79 63 255 76 63 50 255
160:2 192 165 193 255 153 132 154 255 96 82 96 255 76 66 77 255
160:3 175 182 190 255 140 145 152 255 87 91 95 255 70 72 76 255
160:4 203 197 141 255 162 157 112 255 101 98 70 255 81 78 56 255
160:5 180 195 149 255 144 156 119 255 90 97 74 255 72 78 59 255
160:6 209 177 181 255 167 141 144 255 104 88 90 255 83 70 72 255
160:7 145 141 135 255 116 112 108 255 72 70 67 255 58 56 54 255
160:8 171 167 163 255 136 133 130 255 85 83 81 255 68 66 65 255
160:9 169 176 177 255 135 140 141 255 84 88 88 255 67 70 70 255
160:10 180 162 184 255 144 129 147 255 90 81 92 255 72 64 73 255
160:11 163 165 184 255 130 132 147 255 81 82 92 255 65 66 73 255
160:12 154 142 127 255 123 113 101 255 77 71 63 255 61 56 50 255
160:13 164 168 141 255 131 134 112 255 82 84 70 255 65 67 56 255
160:14 186 160 155 255 148 128 124 255 93 80 77 255 74 64 62 255
160:15 118 115 109 255 94 92 87 255 59 57 54 255 47 46 43 255
161 29 61 18 217 23 48 14 217 14 30 9 217 11 24 7 217
161:1 30 63 19 248 24 50 15 248 15 31 9 248 12 25 7 248
161:5 30 63 19 248 24 50 15 248 15 31 9 248 12 25 7 248
161:9 30 63 19 248 24 50 15 248 15 31 9 248 12 25 7 248
161:13 30 63 19 248 24 50 15 248 15 31 9 248 12 25 7 248
162 145 90 65 255 116 72 52 255 72 45 32 255 58 36 26 255
162:1 94 71 40 255 75 56 32 255 47 35 20 255 37 28 16 255
162:4 92 86 75 255 73 68 60 255 46 43 37 255 36 34 30 255
162:5 42 26 8 255 33 20 6 255 21 13 4 255 16 10 3 255
162:8 92 86 75 255 73 68 60 255 46 43 37 255 36 34 30 255
162:9 42 26 8 255 33 20 6 255 21 13 4 255 16 10 3 255
162:12 92 86 75 255 73 68 60 255 46 43 37 255 36 34 30 255
162:13 42 26 8 255 33 20 6 255 21 13 4 255 16 10 3 255
163 131 79 51 255 104 63 40 255 65 39 25 255 52 31 20 255
164 46 32 18 255 36 25 14 255 23 16 9 255 18 12 7 255
170 197 159 43 255 157 127 34 255 98 79 21 255 78 63 17 255
171 236 236 236 255 188 188 188 255 118 118 118 255 94 94 94 255
171:1 232 120 43 255 185 96 34 255 116 60 21 255 92 48 17 255
171:2 185 57 196 255 148 45 156 255 92 28 98 255 74 22 78 255
171:3 82 121 205 255 65 96 164 255 41 60 102 255 32 48 82 255
171:4 209 194 29 255 167 155 23 255 104 97 14 255 83 77 11 255
171:5 53 177 42 255 42 141 33 255 26 88 21 255 21 70 16 255
171:6 215 127 151 255 172 101 120 255 107 63 75 255 86 50 60 255
171:7 64 64 64 255 51 51 51 255 32 32 32 255 25 25 25 255
171:8 136 146 146 255 108 116 116 255 68 73 73 255 54 58 58 255
171:9 41 124 159 255 32 99 127 255 20 62 79 255 16 49 63 255
171:10 124 47 192 255 99 37 153 255 62 23 96 255 49 18 76 255
171:11 36 48 147 255 28 38 117 255 18 24 73 255 14 19 58 255
171:12 80 47 25 255 64 37 20 255 40 23 12 255 32 18 10 255
171:13 52 72 22 255 41 57 17 255 26 36 11 255 20 28 8 255
171:14 154 41 37 255 123 32 29 255 77 20 18 255 61 16 14 255
171:15 11 11 11 255 8 8 8 255 5 5 5 255 4 4 4 255
172 152 93 67 255 121 74 53 255 76 46 33 255 60 37 26 255
173 8 8 8 255 6 6 6 255 4 4 4 255 3 3 3 255
174 166 207 238 255 132 165 190 255 83 103 119 255 66 82 95 255
175 23 42 12 79 18 33 9 79 11 21 6 79 9 16 4 79
175:1 77 76 72 179 61 60 57 179 38 38 36 179 30 30 28 179
175:2 37 70 19 241 29 56 15 241 18 35 9 241 14 28 7 241
175:3 29 55 15 206 23 44 12 206 14 27 7 206 11 22 6 206
175:4 35 34 8 213 28 27 6 213 17 17 4 213 14 13 3 213
175:5 45 62 35 184 36 49 28 184 22 31 17 184 18 24 14 184
175:8 19 36 10 34 15 28 8 34 9 18 5 34 7 14 4 34
175:9 94 85 92 180 75 68 73 180 47 42 46 180 37 34 36 180
175:10 34 65 18 153 27 52 14 153 17 32 9 153 13 26 7 153
175:11 23 44 12 163 18 35 9 163 11 22 6 163 9 17 4 163
175:12 45 34 10 182 36 27 8 182 22 17 5 182 18 13 4 182
175:13 93 81 97 188 74 64 77 188 46 40 48 188 37 32 38 188

Biome Mapping
[RAINFOREST]	49	67	21	255	39	54	17	255	25	34	11	255	20	27	8	255
[SWAMPLAND]	64	128	0	255	51	102	0	255	32	64	0	255	26	51	0	255
[SEASONAL_FOREST]	51	165	42	255	41	132	34	255	26	83	21	255	20	66	17	255
[FOREST]	0	128	64	255	0	102	51	255	0	64	32	255	0	51	26	255
[SAVANNA]	58	58	58	255	46	46	46	255	29	29	29	255	23	23	23	255
[SHRUBLAND]	170	158	24	255	136	126	19	255	85	79	12	255	68	63	10	255
[TAIGA]	204	255	102	255	163	204	82	255	102	128	51	255	82	102	41	255
[DESERT]	255	255	102	255	204	204	82	255	128	128	51	255	102	102	41	255
[PLAINS]	255	204	102	255	204	163	82	255	128	102	51	255	102	82	41	255
[ICE_DESERT]	26	33	103	255	21	26	82	255	13	17	52	255	10	13	41	255
[TUNDRA]	222	222	222	255	178	178	178	255	111	111	111	255	89	89	89	255
[HELL]	255	0	0	255	204	0	0	255	128	0	0	255	102	0	0	255
[SKY]	102	204	255	255	82	163	204	255	51	102	128	255	41	82	102	255
[OCEAN]	0	0	255	255	0	0	204	255	0	0	128	255	0	0	102	255
[RIVER]	0	128	255	255	0	102	204	255	0	64	128	255	0	51	102	255
[EXTREME_HILLS]	128	64	0	255	102	51	0	255	64	32	0	255	51	26	0	255
[FROZEN_OCEAN]	102	255	204	255	82	204	163	255	51	128	102	255	41	102	82	255
[FROZEN_RIVER]	102	102	255	255	82	82	204	255	51	51	128	255	41	41	102	255
[ICE_PLAINS]	102	255	255	255	82	204	204	255	51	128	128	255	41	102	102	255
[ICE_MOUNTAINS]	255	255	255	255	204	204	204	255	128	128	128	255	102	102	102	255
[MUSHROOM_ISLAND]	255	111	207	255	204	89	166	255	128	56	104	255	102	44	83	255
[MUSHROOM_SHORE]	255	0	128	255	204	0	102	255	128	0	64	255	102	0	51	255
[BEACH]	255	206	75	255	230	185	68	255	255	206	75	255	179	144	53	255
[DESERT_HILLS]	255	146	51	255	230	131	46	255	255	146	51	255	179	102	36	255
[FOREST_HILLS]	0	162	100	255	0	146	90	255	0	162	100	255	0	113	70	255
[TAIGA_HILLS]	178	212	117	255	160	191	105	255	178	212	117	255	125	148	82	255
[SMALL_MOUNTAINS]	184	103	33	255	166	93	30	255	184	103	33	255	129	72	23	255
[JUNGLE]	49	67	21	255	39	54	17	255	25	34	11	255	20	27	8	255
[JUNGLE_HILLS]	33	44	14	255	26	36	12	255	16	22	7	255	13	18	6	255
Rainfall/Temperature Mapping
[RAINFALL-0.0]	120	120	120	255	96	96	96	255	60	60	60	255	48	48	48	255
[RAINFALL-1.0]	38	92	255	255	30	73	204	255	19	46	127	255	15	36	102	255
[TEMPERATURE-0.0]	38	92	255	255	30	73	204	255	19	46	127	255	15	36	102	255
[TEMPERATURE-0.5]	91	121	185	255	73	96	147	255	46	61	92	255	36	48	73	255
[TEMPERATURE-0.8]	51	165	42	255	41	131	33	255	26	82	21	255	20	65	17	255
[TEMPERATURE-0.9]	170	158	24	255	135	126	19	255	85	79	12	255	67	62	10	255
[TEMPERATURE-0.95]	204	111	48	255	162	89	38	255	102	56	24	255	81	44	19	255
[TEMPERATURE-1.0]	143	39	36	255	114	31	28	255	71	20	18	255	57	16	14	255
